-1
39
204
448
500
713
925
982
1044
1057
1317
1353
1565
1652
1846
1863
1889
2024
2190
2337
2625
2906
3017
3207
3216
3333
4163
4297
4328
4331
4773
4788
4812
5055
5138
5153
5298
5435
5483
5615
5733
5741
5803
6006
6041
6054
6095
6127
6254
6448
6615
6632
6916
6973
7600
7685
8160
8356
8953
9199
9212
9388
9491
9545
9574
9717
9772
10127
10144
10566
10697
10970
10974
11942
11975
12015
12043
12319
12404
12483
12611
12911
13164
13182
13214
13246
13251
13332
13411
13510
13727
13755
13766
14027
14253
14809
14830
14880
15101
16056
16233
16273
16514
16724
16952
17309
18022
18381
18621
18743
18744
18818
19404
20478
20499
20501
20531
20611
20642
21137
21160
21167
21173
21185
21224
21260
21268
21630
21674
21691
21700
21731
21749
22571
22848
22914
23135
23220
23736
24051
24282
24521
24579
24619
24653
24680
24681
24731
24844
24930
25256
25309
25322
25495
25551
25653
25667
26135
26137
26218
26388
27285
27416
27626
27859
27877
28076
28082
28214
28217
28262
28552
28598
28651
29180
29331
29395
30033
30090
30216
30235
30238
30252
30263
30271
30355
30600
31043
31068
31135
31136
31670
31902
31952
32004
32335
32841
32884
33062
33071
33083
33169
33276
33734
33735
33998
34576
34818
35012
35123
35154
35202
35208
35209
35216
35235
35272
35375
35380
35388
35413
35571
36153
36208
36211
36282
36983
37007
37015
37016
37244
37565
37761
37826
38830
38845
39225
39228
39490
39509
39593
39638
39710
39780
39786
39874
39966
40089
40128
40744
41742
41775
41800
41813
41837
41839
41844
41907
41944
41968
42000
42132
42755
42926
42949
43046
43076
43104
43129
43686
43724
43761
43816
43817
43818
44267
44790
45147
45409
45464
45483
45526
45553
45560
45841
45874
46635
46659
46749
46775
47084
47482
47551
47714
47730
47745
47765
47778
47812
47839
47847
48108
48513
48529
48697
48735
48924
48939
49249
49472
49480
49493
49494
49502
49584
49833
50729
51047
51134
51217
51258
51273
51589
51698
51723
51744
51788
52063
52183
52320
52483
52896
52990
53282
54261
54319
54484
54489
54503
54508
54615
54920
55441
55548
55584
55625
55682
55716
55937
56373
56401
56616
56761
56959
57153
57315
57384
57402
57754
57808
57861
58023
58057
58065
58163
58497
58570
58593
58793
59179
59332
